region;num_dia;dia;valor;valordelta;n;mu;sigma;modelo;modelodelta;densidad;modelo*n;R2ajuste;R2error;R2errorA;R2errorB;pvalor;qnorm0.99;qnorm0.999;diapeak;deltapeak
MD;1;1;0;0;286000;89;25.3;0.000252;0.000252;0.000037;72;-inf;0.000000000;0.000000000;0.000000000;0.000000000;148;167;73;5209
MD;2;2;70;70;286000;89;25.3;0.000292;0.000040;0.000043;84;-1.201078228;1.000000000;-5.737025629;5.737025629;0.000000000;148;167;73;5209
MD;3;3;137;67;286000;89;25.3;0.000338;0.000046;0.000049;97;0.251916465;0.607609816;-1.285691068;2.398524708;0.430953261;148;167;73;5209
MD;4;4;159;22;286000;89;25.3;0.000390;0.000052;0.000056;112;0.400448929;0.022832228;2.179414474;0.319461383;0.848896631;148;167;73;5209
MD;5;5;169;10;286000;89;25.3;0.000450;0.000060;0.000064;129;0.462271064;0.039281532;3.470511224;-0.326086992;0.749311404;148;167;73;5209
MD;6;6;217;48;286000;89;25.3;0.000518;0.000068;0.000073;148;0.484561706;0.029017907;3.204231386;-0.211967061;0.746951901;148;167;73;5209
MD;7;7;296;79;286000;89;25.3;0.000595;0.000077;0.000083;170;0.431398441;0.001439301;2.739730307;-0.037779157;0.935640580;148;167;73;5209
MD;8;8;335;39;286000;89;25.3;0.000683;0.000088;0.000094;195;0.403341452;0.020829348;2.985495633;-0.119700932;0.733127181;148;167;73;5209
MD;9;9;393;58;286000;89;25.3;0.000783;0.000100;0.000106;224;0.381116186;0.029518354;2.985672795;-0.119754081;0.658489171;148;167;73;5209
MD;10;10;457;64;286000;89;25.3;0.000897;0.000113;0.000120;256;0.366933803;0.037689601;2.971523023;-0.115895052;0.590970115;148;167;73;5209
MD;11;11;475;18;286000;89;25.3;0.001025;0.000128;0.000136;293;0.380515866;0.099862264;3.195924557;-0.171995435;0.343787273;148;167;73;5209
MD;12;12;493;18;286000;89;25.3;0.001169;0.000145;0.000154;334;0.411737824;0.161188100;3.316299143;-0.199774186;0.195806193;148;167;73;5209
MD;13;13;526;33;286000;89;25.3;0.001332;0.000163;0.000173;381;0.454244395;0.199246710;3.324403557;-0.201510846;0.126267526;148;167;73;5209
MD;14;14;592;66;286000;89;25.3;0.001516;0.000184;0.000195;434;0.503366442;0.200580963;3.227041216;-0.182038378;0.108289598;148;167;73;5209
MD;15;15;638;46;286000;89;25.3;0.001723;0.000207;0.000219;493;0.556258142;0.223898994;3.195232164;-0.176074181;0.074837395;148;167;73;5209
MD;16;16;679;41;286000;89;25.3;0.001955;0.000232;0.000245;559;0.610505043;0.249305465;3.169479203;-0.171529541;0.048944058;148;167;73;5209
MD;17;17;749;70;286000;89;25.3;0.002215;0.000260;0.000275;633;0.664941194;0.253185206;3.094546447;-0.159040748;0.039501959;148;167;73;5209
MD;18;18;768;19;286000;89;25.3;0.002506;0.000291;0.000307;717;0.712948320;0.287737708;3.096288100;-0.159315746;0.021735957;148;167;73;5209
MD;19;19;780;12;286000;89;25.3;0.002830;0.000325;0.000343;810;0.748391465;0.319845500;3.090710980;-0.158479178;0.011614668;148;167;73;5209
MD;20;20;831;51;286000;89;25.3;0.003193;0.000363;0.000383;913;0.775438446;0.329817975;3.036205108;-0.150692625;0.008091530;148;167;73;5209
MD;21;21;924;93;286000;89;25.3;0.003597;0.000404;0.000426;1029;0.802033307;0.322233167;2.951236723;-0.139106027;0.007272040;148;167;73;5209
MD;22;22;997;73;286000;89;25.3;0.004046;0.000449;0.000473;1157;0.818279423;0.325500223;2.892268267;-0.131414489;0.005559705;148;167;73;5209
MD;23;23;1091;94;286000;89;25.3;0.004544;0.000499;0.000525;1300;0.827820816;0.323156265;2.826487473;-0.123191890;0.004651569;148;167;73;5209
MD;24;24;1281;190;286000;89;25.3;0.005097;0.000553;0.000581;1458;0.852598537;0.295012348;2.720424728;-0.110464360;0.006091719;148;167;73;5209
MD;25;25;1328;47;286000;89;25.3;0.005709;0.000612;0.000643;1633;0.850791383;0.309810153;2.696685358;-0.107725202;0.003855786;148;167;73;5209
MD;26;26;1351;23;286000;89;25.3;0.006385;0.000676;0.000710;1826;0.814531499;0.327563257;2.679960813;-0.105866919;0.002248720;148;167;73;5209
MD;27;27;1433;82;286000;89;25.3;0.007131;0.000746;0.000783;2039;0.760050600;0.332516877;2.639616841;-0.101544351;0.001641370;148;167;73;5209
MD;28;28;1617;184;286000;89;25.3;0.007953;0.000822;0.000862;2275;0.721465613;0.320024548;2.571755368;-0.094524199;0.001704436;148;167;73;5209
MD;29;29;1788;171;286000;89;25.3;0.008857;0.000904;0.000947;2533;0.688383364;0.313329080;2.516542883;-0.089002950;0.001591982;148;167;73;5209
MD;30;30;2002;214;286000;89;25.3;0.009850;0.000993;0.001040;2817;0.668864283;0.303153865;2.458324515;-0.083368915;0.001617426;148;167;73;5209
MD;31;31;2461;459;286000;89;25.3;0.010939;0.001089;0.001139;3128;0.713083084;0.263865483;2.359292196;-0.074084635;0.003119875;148;167;73;5209
MD;32;32;2636;175;286000;89;25.3;0.012131;0.001192;0.001246;3469;0.729472513;0.265984894;2.327890658;-0.071229949;0.002518034;148;167;73;5209
MD;33;33;2713;77;286000;89;25.3;0.013434;0.001303;0.001361;3842;0.707994109;0.277434147;2.314527694;-0.070050864;0.001637950;148;167;73;5209
MD;34;34;2958;245;286000;89;25.3;0.014856;0.001422;0.001484;4249;0.685376139;0.274449577;2.276629539;-0.066802451;0.001473445;148;167;73;5209
MD;35;35;3409;451;286000;89;25.3;0.016406;0.001550;0.001616;4692;0.691078441;0.256689042;2.217370828;-0.061864225;0.001898029;148;167;73;5209
MD;36;36;3860;451;286000;89;25.3;0.018092;0.001686;0.001757;5174;0.709452646;0.243467889;2.166977109;-0.057778248;0.002228487;148;167;73;5209
MD;37;37;4487;627;286000;89;25.3;0.019923;0.001832;0.001908;5698;0.746871119;0.222398071;2.106430666;-0.052998266;0.003214223;148;167;73;5209
MD;38;38;5305;818;286000;89;25.3;0.021910;0.001987;0.002067;6266;0.798096195;0.195465262;2.038484050;-0.047771603;0.005450151;148;167;73;5209
MD;39;39;5584;279;286000;89;25.3;0.024061;0.002151;0.002237;6882;0.821639435;0.200885610;2.025115689;-0.046768976;0.004216772;148;167;73;5209
MD;40;40;5764;180;286000;89;25.3;0.026387;0.002326;0.002417;7547;0.822450400;0.210539081;2.019813436;-0.046381006;0.002901654;148;167;73;5209
MD;41;41;6178;414;286000;89;25.3;0.028899;0.002511;0.002607;8265;0.817117359;0.211092626;1.998495018;-0.044858262;0.002512176;148;167;73;5209
MD;42;42;7274;1096;286000;89;25.3;0.031605;0.002707;0.002808;9039;0.833902467;0.186528784;1.938957762;-0.040704500;0.004289540;148;167;73;5209
MD;43;43;8309;1035;286000;89;25.3;0.034518;0.002913;0.003020;9872;0.857141210;0.169864275;1.891990089;-0.037502158;0.006028570;148;167;73;5209
MD;44;44;9487;1178;286000;89;25.3;0.037648;0.003130;0.003242;10767;0.882668502;0.152889567;1.845237199;-0.034385299;0.008680055;148;167;73;5209
MD;45;45;11105;1618;286000;89;25.3;0.041006;0.003358;0.003475;11728;0.909916316;0.128233620;1.786130487;-0.030530514;0.015722698;148;167;73;5209
MD;46;46;11625;520;286000;89;25.3;0.044603;0.003597;0.003720;12756;0.925393888;0.133485613;1.781476096;-0.030233425;0.012533470;148;167;73;5209
MD;47;47;11978;353;286000;89;25.3;0.048449;0.003847;0.003975;13856;0.931428242;0.142190545;1.783604417;-0.030366445;0.008981402;148;167;73;5209
MD;48;48;12663;685;286000;89;25.3;0.052557;0.004107;0.004241;15031;0.933163413;0.144843518;1.773659872;-0.029757595;0.007619168;148;167;73;5209
MD;49;49;14765;2102;286000;89;25.3;0.056936;0.004379;0.004519;16284;0.942542396;0.121914009;1.720148938;-0.026546939;0.013933470;148;167;73;5209
MD;50;50;16741;1976;286000;89;25.3;0.061597;0.004661;0.004806;17617;0.953062934;0.106387618;1.678359040;-0.024088710;0.020796407;148;167;73;5209
MD;51;51;18935;2194;286000;89;25.3;0.066552;0.004954;0.005104;19034;0.962674357;0.091367384;1.637059580;-0.021706049;0.031096470;148;167;73;5209
MD;52;52;21938;3003;286000;89;25.3;0.071809;0.005257;0.005412;20537;0.969568738;0.070122849;1.581991764;-0.018589002;0.057807655;148;167;73;5209
MD;53;53;22739;801;286000;89;25.3;0.077379;0.005570;0.005730;22130;0.975085634;0.075603321;1.586065978;-0.018815348;0.046305160;148;167;73;5209
MD;54;54;23243;504;286000;89;25.3;0.083271;0.005892;0.006056;23816;0.978932041;0.083949924;1.596401759;-0.019379118;0.033573917;148;167;73;5209
MD;55;55;24391;1148;286000;89;25.3;0.089495;0.006223;0.006392;25595;0.981490425;0.086697543;1.592858463;-0.019189298;0.029100003;148;167;73;5209
MD;56;56;27684;3293;286000;89;25.3;0.096058;0.006563;0.006735;27472;0.984515177;0.070896660;1.550313437;-0.016950086;0.047304188;148;167;73;5209
MD;57;57;30795;3111;286000;89;25.3;0.102968;0.006910;0.007086;29449;0.986666768;0.060096355;1.516947752;-0.015224275;0.066068239;148;167;73;5209
MD;58;58;33755;2960;286000;89;25.3;0.110232;0.007264;0.007443;31526;0.987827526;0.052677372;1.490861739;-0.013897867;0.083076777;148;167;73;5209
MD;59;59;38049;4294;286000;89;25.3;0.117856;0.007625;0.007807;33707;0.986546061;0.039345405;1.448410112;-0.011775286;0.132062903;148;167;73;5209
MD;60;60;39189;1140;286000;89;25.3;0.125847;0.007990;0.008175;35992;0.987088499;0.044096988;1.456886898;-0.012192177;0.107312122;148;167;73;5209
MD;61;61;39899;710;286000;89;25.3;0.134208;0.008361;0.008547;38383;0.988564862;0.051054444;1.470746391;-0.012862798;0.079953255;148;167;73;5209
MD;62;62;41250;1351;286000;89;25.3;0.142942;0.008735;0.008922;40881;0.990000253;0.055203531;1.475385811;-0.013083723;0.066031875;148;167;73;5209
MD;63;63;45194;3944;286000;89;25.3;0.152053;0.009111;0.009300;43487;0.991041773;0.047344897;1.448979930;-0.011845947;0.086700660;148;167;73;5209
MD;64;64;48575;3381;286000;89;25.3;0.161541;0.009488;0.009677;46201;0.991748700;0.043412286;1.432394661;-0.011080473;0.098496927;148;167;73;5209
MD;65;65;51949;3374;286000;89;25.3;0.171408;0.009866;0.010055;49023;0.992195637;0.040333158;1.418207066;-0.010435582;0.108686205;148;167;73;5209
MD;66;66;56467;4518;286000;89;25.3;0.181651;0.010243;0.010431;51952;0.991925443;0.033939515;1.394419846;-0.009370483;0.138666189;148;167;73;5209
MD;67;67;57540;1073;286000;89;25.3;0.192269;0.010618;0.010804;54989;0.992537605;0.039477046;1.406937768;-0.009922744;0.106996106;148;167;73;5209
MD;68;68;58448;908;286000;89;25.3;0.203258;0.010989;0.011173;58132;0.993352694;0.045730442;1.420115649;-0.010495696;0.079937297;148;167;73;5209
MD;69;69;59891;1443;286000;89;25.3;0.214614;0.011356;0.011537;61380;0.993928281;0.050443840;1.427610815;-0.010816917;0.063547593;148;167;73;5209
MD;70;70;64039;4148;286000;89;25.3;0.226330;0.011716;0.011894;64730;0.994546664;0.046391952;1.411925511;-0.010154158;0.073341577;148;167;73;5209
MD;71;71;67857;3818;286000;89;25.3;0.238399;0.012069;0.012243;68182;0.995119630;0.044040934;1.400673557;-0.009685326;0.078996900;148;167;73;5209
MD;72;72;71587;3730;286000;89;25.3;0.250812;0.012413;0.012582;71732;0.995633189;0.042391326;1.391417132;-0.009304925;0.082720509;148;167;73;5209
MD;73;73;76796;5209;286000;89;25.3;0.263559;0.012747;0.012910;75378;0.996050246;0.037047111;1.372278023;-0.008529015;0.102800064;148;167;73;5209
MD;74;74;78506;1710;286000;89;25.3;0.276629;0.013070;0.013227;79116;0.996438839;0.041237097;1.380091466;-0.008841553;0.082695262;148;167;73;5209
MD;75;75;79580;1074;286000;89;25.3;0.290009;0.013380;0.013530;82942;0.996495975;0.047109610;1.391809474;-0.009304106;0.061417150;148;167;73;5209
MD;76;76;81503;1923;286000;89;25.3;0.303684;0.013675;0.013818;86854;0.996174114;0.050946299;1.397023037;-0.009507232;0.049938871;148;167;73;5209
MD;77;77;86673;5170;286000;89;25.3;0.317640;0.013956;0.014091;90845;0.996173528;0.046282418;1.380973313;-0.008889935;0.060247591;148;167;73;5209
MD;78;78;91767;5094;286000;89;25.3;0.331860;0.014220;0.014346;94912;0.996349268;0.042420743;1.366769296;-0.008350542;0.070435914;148;167;73;5209
MD;79;79;96550;4783;286000;89;25.3;0.346327;0.014467;0.014584;99049;0.996587399;0.039770191;1.355638285;-0.007933129;0.078066287;148;167;73;5209
MD;80;80;103200;6650;286000;89;25.3;0.361021;0.014694;0.014802;103252;0.996919477;0.033368791;1.334390814;-0.007146185;0.104840863;148;167;73;5209
MD;81;81;;;286000;89;25.3;0.375923;0.014902;0.015000;107514;;;;;;148;167;73;5209
MD;82;82;;;286000;89;25.3;0.391013;0.015090;0.015176;111830;;;;;;148;167;73;5209
MD;83;83;;;286000;89;25.3;0.406269;0.015256;0.015331;116193;;;;;;148;167;73;5209
MD;84;84;;;286000;89;25.3;0.421668;0.015399;0.015464;120597;;;;;;148;167;73;5209
MD;85;85;;;286000;89;25.3;0.437188;0.015520;0.015573;125036;;;;;;148;167;73;5209
MD;86;86;;;286000;89;25.3;0.452805;0.015617;0.015658;129502;;;;;;148;167;73;5209
MD;87;87;;;286000;89;25.3;0.468496;0.015691;0.015719;133990;;;;;;148;167;73;5209
MD;88;88;;;286000;89;25.3;0.484236;0.015740;0.015756;138491;;;;;;148;167;73;5209
MD;89;89;;;286000;89;25.3;0.500000;0.015764;0.015768;143000;;;;;;148;167;73;5209
MD;90;90;;;286000;89;25.3;0.515764;0.015764;0.015756;147509;;;;;;148;167;73;5209
MD;91;91;;;286000;89;25.3;0.531504;0.015740;0.015719;152010;;;;;;148;167;73;5209
MD;92;92;;;286000;89;25.3;0.547195;0.015691;0.015658;156498;;;;;;148;167;73;5209
MD;93;93;;;286000;89;25.3;0.562812;0.015617;0.015573;160964;;;;;;148;167;73;5209
MD;94;94;;;286000;89;25.3;0.578332;0.015520;0.015464;165403;;;;;;148;167;73;5209
MD;95;95;;;286000;89;25.3;0.593731;0.015399;0.015331;169807;;;;;;148;167;73;5209
MD;96;96;;;286000;89;25.3;0.608987;0.015256;0.015176;174170;;;;;;148;167;73;5209
MD;97;97;;;286000;89;25.3;0.624077;0.015090;0.015000;178486;;;;;;148;167;73;5209
MD;98;98;;;286000;89;25.3;0.638979;0.014902;0.014802;182748;;;;;;148;167;73;5209
MD;99;99;;;286000;89;25.3;0.653673;0.014694;0.014584;186951;;;;;;148;167;73;5209
MD;100;100;;;286000;89;25.3;0.668140;0.014467;0.014346;191088;;;;;;148;167;73;5209
MD;101;101;;;286000;89;25.3;0.682360;0.014220;0.014091;195155;;;;;;148;167;73;5209
