region;num_dia;dia;valor;valordelta;n;mu;sigma;modelo;modelodelta;densidad;modelo*n;R2ajuste;R2error;R2errorA;R2errorB;pvalor;qnorm0.99;qnorm0.999;diapeak;deltapeak
MD;1;1;0;0;333000;92;26.1;0.000245;0.000245;0.000035;81;-inf;0.000000000;0.000000000;0.000000000;0.000000000;153;173;66;4518
MD;2;2;70;70;333000;92;26.1;0.000282;0.000037;0.000040;94;-1.941986595;1.000000000;-5.252869670;5.252869670;0.000000000;153;173;66;4518
MD;3;3;137;67;333000;92;26.1;0.000325;0.000043;0.000046;108;0.143559308;0.610685269;-1.188200836;2.204368045;0.428946978;153;173;66;4518
MD;4;4;159;22;333000;92;26.1;0.000374;0.000049;0.000052;124;0.402684048;0.023500370;1.990796278;0.296969776;0.846701696;153;173;66;4518
MD;5;5;169;10;333000;92;26.1;0.000429;0.000055;0.000059;143;0.510633163;0.038691494;3.177774965;-0.296519567;0.751176367;153;173;66;4518
MD;6;6;217;48;333000;92;26.1;0.000492;0.000063;0.000067;164;0.580179591;0.027606827;2.927839812;-0.189404502;0.753063946;153;173;66;4518
MD;7;7;296;79;333000;92;26.1;0.000564;0.000071;0.000076;188;0.557499746;0.000865709;2.494435748;-0.026877978;0.950071708;153;173;66;4518
MD;8;8;335;39;333000;92;26.1;0.000645;0.000081;0.000086;215;0.543506228;0.018519399;2.724264007;-0.103487397;0.747971536;153;173;66;4518
MD;9;9;393;58;333000;92;26.1;0.000736;0.000092;0.000097;245;0.526387606;0.026363616;2.725043767;-0.103721325;0.676406144;153;173;66;4518
MD;10;10;457;64;333000;92;26.1;0.000840;0.000103;0.000110;280;0.511971143;0.033686767;2.712757179;-0.100370438;0.611761050;153;173;66;4518
MD;11;11;475;18;333000;92;26.1;0.000956;0.000117;0.000124;318;0.526600030;0.094866864;2.925880425;-0.153651249;0.356810355;153;173;66;4518
MD;12;12;493;18;333000;92;26.1;0.001088;0.000131;0.000139;362;0.557479414;0.156247511;3.041582482;-0.180351724;0.203450482;153;173;66;4518
MD;13;13;526;33;333000;92;26.1;0.001236;0.000148;0.000157;411;0.596816186;0.194345817;3.051470307;-0.182470544;0.131597972;153;173;66;4518
MD;14;14;592;66;333000;92;26.1;0.001402;0.000166;0.000176;467;0.639410620;0.194883680;2.961348078;-0.164446098;0.114053767;153;173;66;4518
MD;15;15;638;46;333000;92;26.1;0.001588;0.000186;0.000197;529;0.683950615;0.218212487;2.933772045;-0.159275592;0.079157253;153;173;66;4518
MD;16;16;679;41;333000;92;26.1;0.001796;0.000208;0.000220;598;0.728160975;0.243884215;2.912090497;-0.155449436;0.051871958;153;173;66;4518
MD;17;17;749;70;333000;92;26.1;0.002029;0.000233;0.000246;676;0.771022553;0.247344474;2.843322110;-0.143988038;0.042230682;153;173;66;4518
MD;18;18;768;19;333000;92;26.1;0.002289;0.000260;0.000275;762;0.805680292;0.282843507;2.848183836;-0.144755679;0.023107431;153;173;66;4518
MD;19;19;780;12;333000;92;26.1;0.002579;0.000290;0.000306;859;0.824533716;0.315990881;2.846080409;-0.144440165;0.012243288;153;173;66;4518
MD;20;20;831;51;333000;92;26.1;0.002902;0.000323;0.000340;966;0.832580653;0.326136913;2.796794462;-0.137399316;0.008537885;153;173;66;4518
MD;21;21;924;93;333000;92;26.1;0.003261;0.000359;0.000378;1086;0.840257466;0.317884648;2.717971562;-0.126650738;0.007769057;153;173;66;4518
MD;22;22;997;73;333000;92;26.1;0.003659;0.000398;0.000419;1219;0.837232063;0.321132542;2.664205785;-0.119637811;0.005962401;153;173;66;4518
MD;23;23;1091;94;333000;92;26.1;0.004101;0.000441;0.000464;1365;0.828564310;0.318509608;2.603711187;-0.112075986;0.005027163;153;173;66;4518
MD;24;24;1281;190;333000;92;26.1;0.004589;0.000488;0.000513;1528;0.842052536;0.288557368;2.503886947;-0.100097077;0.006793791;153;173;66;4518
MD;25;25;1328;47;333000;92;26.1;0.005128;0.000540;0.000567;1708;0.826434127;0.304104461;2.484077803;-0.097811407;0.004270702;153;173;66;4518
MD;26;26;1351;23;333000;92;26.1;0.005724;0.000595;0.000625;1906;0.772439594;0.322836875;2.471033969;-0.096362092;0.002460553;153;173;66;4518
MD;27;27;1433;82;333000;92;26.1;0.006380;0.000656;0.000688;2124;0.699659202;0.328099399;2.434830365;-0.092483134;0.001792354;153;173;66;4518
MD;28;28;1617;184;333000;92;26.1;0.007101;0.000722;0.000756;2365;0.648082181;0.314817872;2.371583561;-0.085940362;0.001894968;153;173;66;4518
MD;29;29;1788;171;333000;92;26.1;0.007894;0.000793;0.000830;2629;0.605506995;0.307739678;2.320592512;-0.080841257;0.001789451;153;173;66;4518
MD;30;30;2002;214;333000;92;26.1;0.008763;0.000869;0.000910;2918;0.581012972;0.296960185;2.266523973;-0.075608817;0.001846536;153;173;66;4518
MD;31;31;2461;459;333000;92;26.1;0.009715;0.000952;0.000996;3235;0.633742475;0.255052683;2.172223904;-0.066768186;0.003759469;153;173;66;4518
MD;32;32;2636;175;333000;92;26.1;0.010757;0.001041;0.001088;3582;0.654083362;0.257388189;2.144268323;-0.064226769;0.003039495;153;173;66;4518
MD;33;33;2713;77;333000;92;26.1;0.011894;0.001137;0.001188;3961;0.630772625;0.269630040;2.133969386;-0.063318040;0.001957874;153;173;66;4518
MD;34;34;2958;245;333000;92;26.1;0.013134;0.001240;0.001294;4374;0.606908898;0.266573373;2.099415592;-0.060356286;0.001772763;153;173;66;4518
MD;35;35;3409;451;333000;92;26.1;0.014485;0.001350;0.001408;4823;0.616086329;0.247753658;2.043703066;-0.055713575;0.002346050;153;173;66;4518
MD;36;36;3860;451;333000;92;26.1;0.015953;0.001468;0.001530;5312;0.639987613;0.233815202;1.996628756;-0.051896740;0.002811297;153;173;66;4518
MD;37;37;4487;627;333000;92;26.1;0.017547;0.001594;0.001660;5843;0.685884561;0.211559593;1.939434106;-0.047381372;0.004180255;153;173;66;4518
MD;38;38;5305;818;333000;92;26.1;0.019275;0.001728;0.001798;6418;0.747955005;0.183209802;1.874833350;-0.042412083;0.007344761;153;173;66;4518
MD;39;39;5584;279;333000;92;26.1;0.021145;0.001871;0.001945;7041;0.777067515;0.189027531;1.864060593;-0.041604127;0.005677020;153;173;66;4518
MD;40;40;5764;180;333000;92;26.1;0.023167;0.002022;0.002101;7715;0.779788577;0.199317557;1.861188450;-0.041393970;0.003880926;153;173;66;4518
MD;41;41;6178;414;333000;92;26.1;0.025349;0.002182;0.002265;8441;0.775520034;0.200055191;1.842420364;-0.040053392;0.003368132;153;173;66;4518
MD;42;42;7274;1096;333000;92;26.1;0.027701;0.002352;0.002440;9224;0.796256149;0.174290316;1.785809460;-0.036103794;0.005945133;153;173;66;4518
MD;43;43;8309;1035;333000;92;26.1;0.030232;0.002531;0.002624;10067;0.824270824;0.156989213;1.741563288;-0.033087010;0.008532521;153;173;66;4518
MD;44;44;9487;1178;333000;92;26.1;0.032952;0.002720;0.002817;10973;0.854896971;0.139473883;1.697475976;-0.030147856;0.012523819;153;173;66;4518
MD;45;45;11105;1618;333000;92;26.1;0.035870;0.002918;0.003021;11945;0.887902711;0.114211916;1.641134773;-0.026473430;0.023176005;153;173;66;4518
MD;46;46;11625;520;333000;92;26.1;0.038996;0.003127;0.003234;12986;0.906532087;0.119723383;1.638548691;-0.026308360;0.018500509;153;173;66;4518
MD;47;47;11978;353;333000;92;26.1;0.042341;0.003345;0.003458;14100;0.913930001;0.128811525;1.642610883;-0.026562247;0.013233735;153;173;66;4518
MD;48;48;12663;685;333000;92;26.1;0.045915;0.003573;0.003691;15290;0.916343678;0.131712148;1.634706575;-0.026078310;0.011238092;153;173;66;4518
MD;49;49;14765;2102;333000;92;26.1;0.049727;0.003812;0.003934;16559;0.927630322;0.108383972;1.583785996;-0.023023075;0.020897473;153;173;66;4518
MD;50;50;16741;1976;333000;92;26.1;0.053787;0.004060;0.004188;17911;0.940440341;0.092835459;1.544410213;-0.020706853;0.031442390;153;173;66;4518
MD;51;51;18935;2194;333000;92;26.1;0.058105;0.004318;0.004451;19349;0.952498105;0.077977922;1.505507912;-0.018462489;0.047206588;153;173;66;4518
MD;52;52;21938;3003;333000;92;26.1;0.062691;0.004586;0.004723;20876;0.962201342;0.057300024;1.453053398;-0.015493366;0.087425497;153;173;66;4518
MD;53;53;22739;801;333000;92;26.1;0.067555;0.004863;0.005005;22496;0.969274793;0.062784323;1.458763876;-0.015810615;0.070349410;153;173;66;4518
MD;54;54;23243;504;333000;92;26.1;0.072705;0.005150;0.005296;24211;0.973772144;0.071146981;1.470586874;-0.016455506;0.051211232;153;173;66;4518
MD;55;55;24391;1148;333000;92;26.1;0.078150;0.005445;0.005596;26024;0.976618105;0.074042318;1.468749719;-0.016357087;0.044457953;153;173;66;4518
MD;56;56;27684;3293;333000;92;26.1;0.083900;0.005749;0.005904;27939;0.980436350;0.058789296;1.428671516;-0.014247707;0.071783233;153;173;66;4518
MD;57;57;30795;3111;333000;92;26.1;0.089961;0.006061;0.006220;29957;0.983588010;0.048582303;1.397602466;-0.012640688;0.099444383;153;173;66;4518
MD;58;58;33755;2960;333000;92;26.1;0.096342;0.006381;0.006543;32082;0.985766469;0.041716872;1.373668062;-0.011423684;0.124072956;153;173;66;4518
MD;59;59;38049;4294;333000;92;26.1;0.103049;0.006707;0.006873;34315;0.985768642;0.029517308;1.333784785;-0.009429520;0.193213823;153;173;66;4518
MD;60;60;39189;1140;333000;92;26.1;0.110089;0.007040;0.007209;36660;0.987029781;0.034072849;1.343555010;-0.009910023;0.157978545;153;173;66;4518
MD;61;61;39899;710;333000;92;26.1;0.117468;0.007379;0.007550;39117;0.988740493;0.040786068;1.358526613;-0.010634455;0.118565515;153;173;66;4518
MD;62;62;41250;1351;333000;92;26.1;0.125190;0.007722;0.007895;41688;0.990146988;0.044925544;1.364505508;-0.010919165;0.098161657;153;173;66;4518
MD;63;63;45194;3944;333000;92;26.1;0.133260;0.008070;0.008245;44376;0.991396671;0.037755751;1.340381587;-0.009788356;0.127015862;153;173;66;4518
MD;64;64;48575;3381;333000;92;26.1;0.141681;0.008421;0.008597;47180;0.992380308;0.034306780;1.325785994;-0.009114713;0.142846008;153;173;66;4518
MD;65;65;51949;3374;333000;92;26.1;0.150455;0.008774;0.008951;50102;0.993135513;0.031672454;1.313521942;-0.008557256;0.156094213;153;173;66;4518
MD;66;66;56467;4518;333000;92;26.1;0.159584;0.009129;0.009306;53142;0.993349496;0.026031651;1.292033236;-0.007595075;0.195591915;153;173;66;4518
MD;67;67;57540;1073;333000;92;26.1;0.169068;0.009484;0.009661;56300;0.994074216;0.031356708;1.305455572;-0.008187237;0.151707243;153;173;66;4518
MD;68;68;58448;908;333000;92;26.1;0.178907;0.009838;0.010015;59576;0.994660209;0.037450317;1.319469239;-0.008796527;0.113828804;153;173;66;4518
MD;69;69;59891;1443;333000;92;26.1;0.189098;0.010191;0.010367;62970;0.994767552;0.042174866;1.328005617;-0.009162372;0.090489334;153;173;66;4518
MD;70;70;64039;4148;333000;92;26.1;0.199639;0.010541;0.010715;66480;0.995071574;0.038669297;1.314408442;-0.008587843;0.102763545;153;173;66;4518
MD;71;71;;;333000;92;26.1;0.210526;0.010887;0.011058;70105;;;;;;153;173;66;4518
MD;72;72;;;333000;92;26.1;0.221754;0.011228;0.011396;73844;;;;;;153;173;66;4518
MD;73;73;;;333000;92;26.1;0.233316;0.011562;0.011727;77694;;;;;;153;173;66;4518
MD;74;74;;;333000;92;26.1;0.245206;0.011889;0.012050;81653;;;;;;153;173;66;4518
MD;75;75;;;333000;92;26.1;0.257413;0.012208;0.012364;85719;;;;;;153;173;66;4518
MD;76;76;;;333000;92;26.1;0.269929;0.012516;0.012667;89886;;;;;;153;173;66;4518
MD;77;77;;;333000;92;26.1;0.282743;0.012814;0.012958;94153;;;;;;153;173;66;4518
MD;78;78;;;333000;92;26.1;0.295842;0.013099;0.013237;98515;;;;;;153;173;66;4518
MD;79;79;;;333000;92;26.1;0.309212;0.013371;0.013502;102968;;;;;;153;173;66;4518
MD;80;80;;;333000;92;26.1;0.322841;0.013628;0.013752;107506;;;;;;153;173;66;4518
MD;81;81;;;333000;92;26.1;0.336711;0.013870;0.013986;112125;;;;;;153;173;66;4518
MD;82;82;;;333000;92;26.1;0.350807;0.014096;0.014203;116819;;;;;;153;173;66;4518
MD;83;83;;;333000;92;26.1;0.365112;0.014305;0.014403;121582;;;;;;153;173;66;4518
MD;84;84;;;333000;92;26.1;0.379607;0.014495;0.014584;126409;;;;;;153;173;66;4518
MD;85;85;;;333000;92;26.1;0.394273;0.014666;0.014745;131293;;;;;;153;173;66;4518
MD;86;86;;;333000;92;26.1;0.409091;0.014818;0.014887;136227;;;;;;153;173;66;4518
MD;87;87;;;333000;92;26.1;0.424039;0.014949;0.015007;141205;;;;;;153;173;66;4518
MD;88;88;;;333000;92;26.1;0.439098;0.015059;0.015107;146220;;;;;;153;173;66;4518
MD;89;89;;;333000;92;26.1;0.454245;0.015147;0.015185;151264;;;;;;153;173;66;4518
MD;90;90;;;333000;92;26.1;0.469460;0.015214;0.015240;156330;;;;;;153;173;66;4518
MD;91;91;;;333000;92;26.1;0.484719;0.015259;0.015274;161411;;;;;;153;173;66;4518
